[gd_scene load_steps=14 format=3 uid="uid://dwa0bvxbkhi26"]

[ext_resource type="Script" uid="uid://bmsi4f36mfknl" path="res://egypt.gd" id="1"]
[ext_resource type="Texture2D" uid="uid://c2ft3k35qc07v" path="res://egypt3.png" id="2"]
[ext_resource type="Texture2D" uid="uid://de0i0253ave7d" path="res://redsand.png" id="3"]
[ext_resource type="PackedScene" uid="uid://bfllceqgmkr8f" path="res://characternode.tscn" id="4"]
[ext_resource type="PackedScene" uid="uid://d8gnmkghjw4y" path="res://playernode.tscn" id="5"]
[ext_resource type="PackedScene" uid="uid://duaheq4qvq1dn" path="res://assets/fencircular.glb" id="6"]
[ext_resource type="AudioStream" uid="uid://crsw0s6s6exhm" path="res://world2.wav" id="7"]
[ext_resource type="PackedScene" uid="uid://drtuyngua7s1y" path="res://assets/pyramid.glb" id="8"]
[ext_resource type="Texture2D" uid="uid://bgby244m6r4qs" path="res://palmtree.png" id="9"]

[sub_resource type="PanoramaSkyMaterial" id="PanoramaSkyMaterial_7b2gm"]
panorama = ExtResource("2")
energy_multiplier = 2.52

[sub_resource type="Sky" id="Sky_wetts"]
sky_material = SubResource("PanoramaSkyMaterial_7b2gm")

[sub_resource type="Environment" id="Environment_0dwx2"]
background_mode = 2
background_color = Color(1, 1, 1, 1)
sky = SubResource("Sky_wetts")
sky_custom_fov = 76.1
sky_rotation = Vector3(0.125664, -0.0523599, 0)
ambient_light_source = 3
ambient_light_color = Color(1, 1, 1, 1)
ambient_light_energy = 4.0
ssao_enabled = true
ssao_radius = 1.75
ssao_intensity = 14.95
ssil_intensity = 10.27
sdfgi_enabled = true
fog_enabled = true
fog_light_color = Color(1, 0.454902, 0.211765, 1)
fog_light_energy = 1.3
fog_sky_affect = 0.182
volumetric_fog_emission = Color(1, 1, 1, 1)

[sub_resource type="StandardMaterial3D" id="StandardMaterial3D_ompuh"]
albedo_color = Color(0.672064, 0.672064, 0.672064, 1)
albedo_texture = ExtResource("3")
uv1_scale = Vector3(0.05, 0.05, 0.05)
uv1_triplanar = true
grow_amount = -16.0

[node name="Node3D" type="Node3D"]
script = ExtResource("1")

[node name="WorldEnvironment" type="WorldEnvironment" parent="."]
environment = SubResource("Environment_0dwx2")

[node name="CSGBox3D" type="CSGBox3D" parent="."]
transform = Transform3D(1, 0, 0, 0, 1, 0, 0, 0, 1, -55.3291, -1.01638, -117.341)
material_override = SubResource("StandardMaterial3D_ompuh")
use_collision = true
size = Vector3(624.43, 1, 635.964)
metadata/_edit_lock_ = true

[node name="Node3D2" parent="." instance=ExtResource("4")]
transform = Transform3D(0.523674, 0, 0.851919, 0, 1, 0, -0.851919, 0, 0.523674, 3.67698, 0.0162499, 9.96781)

[node name="Node3D3" parent="." instance=ExtResource("4")]
transform = Transform3D(0.523674, 0, 0.851919, 0, 1, 0, -0.851919, 0, 0.523674, 3.08529, 0.0162494, -1.65437)

[node name="Node3D4" parent="." instance=ExtResource("4")]
transform = Transform3D(0.523674, 0, 0.851919, 0, 1, 0, -0.851919, 0, 0.523674, -13.3832, 0.0162494, 4.20154)

[node name="Node3D5" parent="." instance=ExtResource("4")]
transform = Transform3D(0.523674, 0, 0.851919, 0, 1, 0, -0.851919, 0, 0.523674, 6.27616, 0.0162494, -16.8212)

[node name="Node3D6" parent="." instance=ExtResource("4")]
transform = Transform3D(0.523674, 0, 0.851919, 0, 1, 0, -0.851919, 0, 0.523674, -25.7896, 0.0162456, 2.25526)

[node name="Node3D7" parent="." instance=ExtResource("4")]
transform = Transform3D(0.523674, 0, 0.851919, 0, 1, 0, -0.851919, 0, 0.523674, -12.7373, 0.0162342, 39.5531)

[node name="Node3D8" parent="." instance=ExtResource("4")]
transform = Transform3D(-0.675757, 0, 0.737124, 0, 1, 0, -0.737124, 0, -0.675757, 64.5315, 0.0162494, -7.92875)

[node name="Node3D9" parent="." instance=ExtResource("4")]
transform = Transform3D(0.940383, 0, -0.340117, 0, 1, 0, 0.340117, 0, 0.940383, -32.2002, 0.0162418, -40.665)

[node name="Node3D10" parent="." instance=ExtResource("4")]
transform = Transform3D(1, 0, 0, 0, 1, 0, 0, 0, 1, 26.6205, 0.016257, -51.9209)

[node name="Node3D11" parent="." instance=ExtResource("4")]
transform = Transform3D(1, 0, 0, 0, 1, 0, 0, 0, 1, 10.3154, 0.0162494, -84.8732)

[node name="Node3D12" parent="." instance=ExtResource("4")]
transform = Transform3D(0.825744, 0, 0.564045, 0, 1, 0, -0.564045, 0, 0.825744, -22.5633, 0.0162494, -82.4505)

[node name="Node3D13" parent="." instance=ExtResource("4")]
transform = Transform3D(-0.456135, 0, 0.88991, 0, 1, 0, -0.88991, 0, -0.456135, -73.544, 0.0162494, -52.9303)

[node name="Node3D14" parent="." instance=ExtResource("4")]
transform = Transform3D(-0.879088, -0.387026, -0.278238, -0.119539, 0.744073, -0.657317, 0.461428, -0.544579, -0.70037, -75.5837, 0.0162494, 16.3736)

[node name="Node3D15" parent="." instance=ExtResource("4")]
transform = Transform3D(0.876559, 0, 0.481295, 0, 1, 0, -0.481295, 0, 0.876559, -57.1867, 0.0162494, -128.787)

[node name="Node3D16" parent="." instance=ExtResource("4")]
transform = Transform3D(0.27827, 0, 0.960503, 0, 1, 0, -0.960503, 0, 0.27827, -103.421, 0.0162494, -104.272)

[node name="Node3D17" parent="." instance=ExtResource("4")]
transform = Transform3D(-0.602707, 0, 0.797963, 0, 1, 0, -0.797963, 0, -0.602707, -84.8918, 0.0162342, -17.5464)

[node name="Node3D18" parent="." instance=ExtResource("4")]
transform = Transform3D(0.622187, 0, -0.782869, 0, 1, 0, 0.782869, 0, 0.622187, 27.2297, 0.0162647, -148.407)

[node name="Node3D19" parent="." instance=ExtResource("4")]
transform = Transform3D(0.493365, 0, -0.869822, 0, 1, 0, 0.869822, 0, 0.493365, 78.9455, 0.0162647, -104.417)

[node name="Node3D21" parent="." instance=ExtResource("4")]
transform = Transform3D(0.79468, 0, -0.607029, 0, 1, 0, 0.607029, 0, 0.79468, -35.5485, 0.0162499, -8.14018)

[node name="Node3D22" parent="." instance=ExtResource("4")]
transform = Transform3D(0.79468, 0, -0.607029, 0, 1, 0, 0.607029, 0, 0.79468, -21.8444, 0.0162494, -9.13701)

[node name="Node3D23" parent="." instance=ExtResource("4")]
transform = Transform3D(0.79468, 0, -0.607029, 0, 1, 0, 0.607029, 0, 0.79468, -26.0073, 0.0162494, -26.1127)

[node name="Node3D24" parent="." instance=ExtResource("4")]
transform = Transform3D(0.79468, 0, -0.607029, 0, 1, 0, 0.607029, 0, 0.79468, -7.07732, 0.0162494, -4.43079)

[node name="Node3D20" parent="." instance=ExtResource("4")]
transform = Transform3D(0.966966, 0, -0.254906, 0, 1, 0, 0.254906, 0, 0.966966, 0.717044, 0.0162494, -11.7709)

[node name="Node3D27" parent="." instance=ExtResource("4")]
transform = Transform3D(0.966966, 0, -0.254906, 0, 1, 0, 0.254906, 0, 0.966966, -9.65156, 0.0162494, -25.8421)

[node name="Node3D46" parent="." instance=ExtResource("4")]
transform = Transform3D(0.966966, 0, -0.254906, 0, 1, 0, 0.254906, 0, 0.966966, 16.1586, 0.0162494, -13.1029)

[node name="Node3D59" parent="." instance=ExtResource("4")]
transform = Transform3D(0.966966, 0, -0.254906, 0, 1, 0, 0.254906, 0, 0.966966, -12.8243, 0.0162456, -20.1683)

[node name="Node3D60" parent="." instance=ExtResource("4")]
transform = Transform3D(0.966966, 0, -0.254906, 0, 1, 0, 0.254906, 0, 0.966966, -44.7532, 0.0162342, 3.11326)

[node name="Node3D61" parent="." instance=ExtResource("4")]
transform = Transform3D(0.510183, 0, 0.860066, 0, 1, 0, -0.860066, 0, 0.510183, 23.0468, 0.0162494, 63.3474)

[node name="Node3D62" parent="." instance=ExtResource("4")]
transform = Transform3D(0.822621, 0, -0.568591, 0, 1, 0, 0.568591, 0, 0.822621, -29.4291, 0.0162418, -43.9515)

[node name="Node3D77" parent="." instance=ExtResource("4")]
transform = Transform3D(0.79468, 0, -0.607029, 0, 1, 0, 0.607029, 0, 0.79468, -36.4715, 0.0162499, 0.0721045)

[node name="Node3D78" parent="." instance=ExtResource("4")]
transform = Transform3D(0.79468, 0, -0.607029, 0, 1, 0, 0.607029, 0, 0.79468, -24.8489, 0.0162494, 0.657134)

[node name="Node3D79" parent="." instance=ExtResource("4")]
transform = Transform3D(0.79468, 0, -0.607029, 0, 1, 0, 0.607029, 0, 0.79468, -29.0118, 0.0162494, -16.3186)

[node name="Node3D80" parent="." instance=ExtResource("4")]
transform = Transform3D(0.79468, 0, -0.607029, 0, 1, 0, 0.607029, 0, 0.79468, -10.0818, 0.0162494, 5.36335)

[node name="Node3D81" parent="." instance=ExtResource("4")]
transform = Transform3D(0.966966, 0, -0.254906, 0, 1, 0, 0.254906, 0, 0.966966, -2.28745, 0.0162494, -1.97681)

[node name="Node3D82" parent="." instance=ExtResource("4")]
transform = Transform3D(0.966966, 0, -0.254906, 0, 1, 0, 0.254906, 0, 0.966966, -12.6561, 0.0162494, -16.0479)

[node name="Node3D83" parent="." instance=ExtResource("4")]
transform = Transform3D(0.966966, 0, -0.254906, 0, 1, 0, 0.254906, 0, 0.966966, 13.1541, 0.0162494, -3.3088)

[node name="Node3D84" parent="." instance=ExtResource("4")]
transform = Transform3D(0.966966, 0, -0.254906, 0, 1, 0, 0.254906, 0, 0.966966, -15.8287, 0.0162456, -10.3742)

[node name="Node3D85" parent="." instance=ExtResource("4")]
transform = Transform3D(0.966966, 0, -0.254906, 0, 1, 0, 0.254906, 0, 0.966966, -47.7577, 0.0162342, 12.9074)

[node name="Node3D86" parent="." instance=ExtResource("4")]
transform = Transform3D(0.510183, 0, 0.860066, 0, 1, 0, -0.860066, 0, 0.510183, 20.0423, 0.0162494, 73.1415)

[node name="Node3D87" parent="." instance=ExtResource("4")]
transform = Transform3D(0.822621, 0, -0.568591, 0, 1, 0, 0.568591, 0, 0.822621, -32.4336, 0.0162418, -34.1574)

[node name="Node3D63" parent="." instance=ExtResource("4")]
transform = Transform3D(0.977728, 0, -0.209875, 0, 1, 0, 0.209875, 0, 0.977728, 30.8499, 0.016257, -42.2022)

[node name="Node3D64" parent="." instance=ExtResource("4")]
transform = Transform3D(0.977728, 0, -0.209875, 0, 1, 0, 0.209875, 0, 0.977728, 21.8238, 0.0162494, -77.8426)

[node name="Node3D65" parent="." instance=ExtResource("4")]
transform = Transform3D(0.925732, 0, 0.37818, 0, 1, 0, -0.37818, 0, 0.925732, -10.8311, 0.0162494, -82.3742)

[node name="Node3D66" parent="." instance=ExtResource("4")]
transform = Transform3D(-0.259207, 0, 0.965821, 0, 1, 0, -0.965821, 0, -0.259207, -66.8719, 0.0162494, -64.2111)

[node name="Node3D67" parent="." instance=ExtResource("4")]
transform = Transform3D(-0.956351, -0.264113, -0.125051, -0.119539, 0.744073, -0.657317, 0.266653, -0.613677, -0.743167, -83.4113, 0.0162494, 3.12125)

[node name="Node3D68" parent="." instance=ExtResource("4")]
transform = Transform3D(0.958048, 0, 0.286608, 0, 1, 0, -0.286608, 0, 0.958048, -40.1755, 0.0162494, -117.54)

[node name="Node3D69" parent="." instance=ExtResource("4")]
transform = Transform3D(0.473658, 0, 0.880709, 0, 1, 0, -0.880709, 0, 0.473658, -90.5254, 0.0162494, -103.274)

[node name="Node3D70" parent="." instance=ExtResource("4")]
transform = Transform3D(-0.421812, 0, 0.906684, 0, 1, 0, -0.906684, 0, -0.421812, -90.6101, 0.0162342, -14.5913)

[node name="Node3D71" parent="." instance=ExtResource("4")]
transform = Transform3D(0.444025, 0, -0.896014, 0, 1, 0, 0.896014, 0, 0.444025, 46.4786, 0.0162647, -119.006)

[node name="Node3D72" parent="." instance=ExtResource("4")]
transform = Transform3D(0.299823, 0, -0.953994, 0, 1, 0, 0.953994, 0, 0.299823, 87.8102, 0.0162647, -65.1417)

[node name="Node3D73" parent="." instance=ExtResource("4")]
transform = Transform3D(0.649581, 0, -0.760293, 0, 1, 0, 0.760293, 0, 0.649581, -41.9727, 0.0162499, 3.85159)

[node name="Node3D74" parent="." instance=ExtResource("4")]
transform = Transform3D(0.649581, 0, -0.760293, 0, 1, 0, 0.760293, 0, 0.649581, -30.7318, 0.0162494, 6.86287)

[node name="Node3D75" parent="." instance=ExtResource("4")]
transform = Transform3D(0.649581, 0, -0.760293, 0, 1, 0, 0.760293, 0, 0.649581, -31.2392, 0.0162494, -10.6085)

[node name="Node3D76" parent="." instance=ExtResource("4")]
transform = Transform3D(0.649581, 0, -0.760293, 0, 1, 0, 0.760293, 0, 0.649581, -17.2813, 0.0162494, 14.5635)

[node name="Node3D25" parent="." instance=ExtResource("4")]
transform = Transform3D(0.821926, 0, -0.569595, 0, 1, 0, 0.569595, 0, 0.821926, -22.7635, 0.0162456, -20.0012)

[node name="Node3D26" parent="." instance=ExtResource("4")]
transform = Transform3D(0.821926, 0, -0.569595, 0, 1, 0, 0.569595, 0, 0.821926, -60.7209, 0.0162342, -9.01358)

[node name="Node3D28" parent="." instance=ExtResource("4")]
transform = Transform3D(0.579195, 0, -0.815189, 0, 1, 0, 0.815189, 0, 0.579195, -30.2551, 0.0162418, -48.0233)

[node name="Node3D29" parent="." instance=ExtResource("4")]
transform = Transform3D(0.821926, 0, -0.569595, 0, 1, 0, 0.569595, 0, 0.821926, 24.5025, 0.016257, -23.7708)

[node name="Node3D30" parent="." instance=ExtResource("4")]
transform = Transform3D(0.821926, 0, -0.569595, 0, 1, 0, 0.569595, 0, 0.821926, 29.8703, 0.0162494, -60.1424)

[node name="Node3D31" parent="." instance=ExtResource("4")]
transform = Transform3D(0.999978, 0, -0.00673681, 0, 1, 0, 0.00673681, 0, 0.999978, 1.4665, 0.0162494, -76.8787)

[node name="Node3D32" parent="." instance=ExtResource("4")]
transform = Transform3D(0.131979, 0, 0.991252, 0, 1, 0, -0.991252, 0, 0.131979, -57.2504, 0.0162494, -81.6537)

[node name="Node3D33" parent="." instance=ExtResource("4")]
transform = Transform3D(-0.987144, 0.0193274, 0.158663, 0.00630921, 0.9966, -0.0821469, -0.159711, -0.0800894, -0.98391, -98.402, 0.0162494, -25.8529)

[node name="Node3D34" parent="." instance=ExtResource("4")]
transform = Transform3D(0.994609, 0, -0.103696, 0, 1, 0, 0.103696, 0, 0.994609, -12.1054, 0.0162494, -120.622)

[node name="Node3D35" parent="." instance=ExtResource("4")]
transform = Transform3D(0.775815, 0, 0.630961, 0, 1, 0, -0.630961, 0, 0.775815, -64.0699, 0.0162494, -126.808)

[node name="Node3D36" parent="." instance=ExtResource("4")]
transform = Transform3D(-0.0408643, 0, 0.999164, 0, 1, 0, -0.999164, 0, -0.0408643, -98.2387, 0.0162342, -44.9716)

[node name="Node3D37" parent="." instance=ExtResource("4")]
transform = Transform3D(0.0654728, 0, -0.997854, 0, 1, 0, 0.997854, 0, 0.0654728, 68.4543, 0.0162647, -88.6656)

[node name="Node3D38" parent="." instance=ExtResource("4")]
transform = Transform3D(-0.0899369, 0, -0.995947, 0, 1, 0, 0.995947, 0, -0.0899369, 85.9043, 0.0162647, -23.0518)

[node name="Node3D39" parent="." instance=ExtResource("4")]
transform = Transform3D(0.999005, 0, 0.0445958, 0, 1, 0, -0.0445958, 0, 0.999005, -17.7831, 0.0162494, -173.611)

[node name="Node3D40" parent="." instance=ExtResource("4")]
transform = Transform3D(0.474721, -0.000639924, -0.880136, -0.00219674, 0.999996, -0.00191195, 0.880134, 0.00284108, 0.474717, -54.2943, -0.11862, -2.29722)

[node name="Node3D41" parent="." instance=ExtResource("4")]
transform = Transform3D(0.474721, -0.000639924, -0.880136, -0.00219674, 0.999996, -0.00191195, 0.880134, 0.00284108, 0.474717, -41.8414, -0.12709, -0.489175)

[node name="Node3D42" parent="." instance=ExtResource("4")]
transform = Transform3D(0.474721, -0.000639924, -0.880136, -0.00219674, 0.999996, -0.00191195, 0.880134, 0.00284108, 0.474717, -40.7538, -0.0762247, -14.1698)

[node name="Node3D43" parent="." instance=ExtResource("4")]
transform = Transform3D(0.474721, -0.000639924, -0.880136, -0.00219674, 0.999996, -0.00191195, 0.880134, 0.00284108, 0.474717, -32.4157, -0.149156, 13.3788)

[node name="Node3D44" parent="." instance=ExtResource("4")]
transform = Transform3D(0.474721, -0.000639924, -0.880136, -0.00219674, 0.999996, -0.00191195, 0.880134, 0.00284108, 0.474717, -32.8515, -0.0434426, -23.9297)

[node name="Node3D45" parent="." instance=ExtResource("4")]
transform = Transform3D(0.474721, -0.000639924, -0.880136, -0.00219674, 0.999996, -0.00191195, 0.880134, 0.00284108, 0.474717, -71.6683, -0.0472718, -31.3292)

[node name="Node3D47" parent="." instance=ExtResource("4")]
transform = Transform3D(0.14707, -0.000639924, -0.989126, -0.00271607, 0.999996, -0.00105081, 0.989122, 0.00284108, 0.147068, -26.8362, 0.0410205, -52.3053)

[node name="Node3D123" parent="." instance=ExtResource("4")]
transform = Transform3D(0.940383, 0, -0.340117, 0, 1, 0, 0.340117, 0, 0.940383, -26.578, 0.0162418, -37.4729)

[node name="Node3D124" parent="." instance=ExtResource("4")]
transform = Transform3D(0.822621, 0, -0.568591, 0, 1, 0, 0.568591, 0, 0.822621, -23.8069, 0.0162418, -40.7594)

[node name="Node3D125" parent="." instance=ExtResource("4")]
transform = Transform3D(0.822621, 0, -0.568591, 0, 1, 0, 0.568591, 0, 0.822621, -26.8114, 0.0162418, -30.9652)

[node name="Node3D126" parent="." instance=ExtResource("4")]
transform = Transform3D(0.579195, 0, -0.815189, 0, 1, 0, 0.815189, 0, 0.579195, -24.6329, 0.0162418, -44.8311)

[node name="Node3D127" parent="." instance=ExtResource("4")]
transform = Transform3D(0.14707, -0.000639924, -0.989126, -0.00271607, 0.999996, -0.00105081, 0.989122, 0.00284108, 0.147068, -21.2141, 0.0410205, -49.1132)

[node name="Node3D128" parent="." instance=ExtResource("4")]
transform = Transform3D(0.940383, 0, -0.340117, 0, 1, 0, 0.340117, 0, 0.940383, -19.8158, 0.0162418, -35.0727)

[node name="Node3D129" parent="." instance=ExtResource("4")]
transform = Transform3D(0.822621, 0, -0.568591, 0, 1, 0, 0.568591, 0, 0.822621, -17.0447, 0.0162418, -38.3592)

[node name="Node3D130" parent="." instance=ExtResource("4")]
transform = Transform3D(0.822621, 0, -0.568591, 0, 1, 0, 0.568591, 0, 0.822621, -20.0492, 0.0162418, -28.5651)

[node name="Node3D131" parent="." instance=ExtResource("4")]
transform = Transform3D(0.579195, 0, -0.815189, 0, 1, 0, 0.815189, 0, 0.579195, -17.8707, 0.0162418, -42.431)

[node name="Node3D132" parent="." instance=ExtResource("4")]
transform = Transform3D(0.14707, -0.000639924, -0.989126, -0.00271607, 0.999996, -0.00105081, 0.989122, 0.00284108, 0.147068, -14.4518, 0.0410205, -46.713)

[node name="Node3D133" parent="." instance=ExtResource("4")]
transform = Transform3D(0.940383, 0, -0.340117, 0, 1, 0, 0.340117, 0, 0.940383, -11.8158, 0.0162418, -36.0727)

[node name="Node3D134" parent="." instance=ExtResource("4")]
transform = Transform3D(0.822621, 0, -0.568591, 0, 1, 0, 0.568591, 0, 0.822621, -9.04469, 0.0162418, -39.3592)

[node name="Node3D135" parent="." instance=ExtResource("4")]
transform = Transform3D(0.822621, 0, -0.568591, 0, 1, 0, 0.568591, 0, 0.822621, -12.0492, 0.0162418, -29.5651)

[node name="Node3D136" parent="." instance=ExtResource("4")]
transform = Transform3D(0.579195, 0, -0.815189, 0, 1, 0, 0.815189, 0, 0.579195, -9.87066, 0.0162418, -43.431)

[node name="Node3D137" parent="." instance=ExtResource("4")]
transform = Transform3D(0.14707, -0.000639924, -0.989126, -0.00271607, 0.999996, -0.00105081, 0.989122, 0.00284108, 0.147068, -6.45179, 0.0410205, -47.713)

[node name="Node3D48" parent="." instance=ExtResource("4")]
transform = Transform3D(0.474721, -0.000639924, -0.880136, -0.00219674, 0.999996, -0.00191195, 0.880134, 0.00284108, 0.474717, 10.994, -0.0666577, -5.87854)

[node name="Node3D49" parent="." instance=ExtResource("4")]
transform = Transform3D(0.474721, -0.000639924, -0.880136, -0.00219674, 0.999996, -0.00191195, 0.880134, 0.00284108, 0.474717, 32.2561, 0.0321558, -35.8722)

[node name="Node3D50" parent="." instance=ExtResource("4")]
transform = Transform3D(0.888434, -0.000639924, -0.459003, -0.000735524, 0.999996, -0.00281784, 0.459003, 0.00284108, 0.88843, 14.5156, 0.0997499, -63.6598)

[node name="Node3D88" parent="." instance=ExtResource("4")]
transform = Transform3D(0.523674, 0, 0.851919, 0, 1, 0, -0.851919, 0, 0.523674, 4.96951, 0.0162494, -37.6989)

[node name="Node3D89" parent="." instance=ExtResource("4")]
transform = Transform3D(0.523674, 0, 0.851919, 0, 1, 0, -0.851919, 0, 0.523674, 8.16037, 0.0162494, -52.8657)

[node name="Node3D90" parent="." instance=ExtResource("4")]
transform = Transform3D(1, 0, 0, 0, 1, 0, 0, 0, 1, 28.5047, 0.016257, -87.9654)

[node name="Node3D91" parent="." instance=ExtResource("4")]
transform = Transform3D(1, 0, 0, 0, 1, 0, 0, 0, 1, 12.1996, 0.0162494, -120.918)

[node name="Node3D92" parent="." instance=ExtResource("4")]
transform = Transform3D(0.966966, 0, -0.254906, 0, 1, 0, 0.254906, 0, 0.966966, 2.60126, 0.0162494, -47.8155)

[node name="Node3D93" parent="." instance=ExtResource("4")]
transform = Transform3D(0.966966, 0, -0.254906, 0, 1, 0, 0.254906, 0, 0.966966, 18.0428, 0.0162494, -49.1475)

[node name="Node3D94" parent="." instance=ExtResource("4")]
transform = Transform3D(0.966966, 0, -0.254906, 0, 1, 0, 0.254906, 0, 0.966966, -0.403235, 0.0162494, -38.0213)

[node name="Node3D95" parent="." instance=ExtResource("4")]
transform = Transform3D(0.966966, 0, -0.254906, 0, 1, 0, 0.254906, 0, 0.966966, 15.0383, 0.0162494, -39.3533)

[node name="Node3D96" parent="." instance=ExtResource("4")]
transform = Transform3D(0.977728, 0, -0.209875, 0, 1, 0, 0.209875, 0, 0.977728, 32.7341, 0.016257, -78.2467)

[node name="Node3D97" parent="." instance=ExtResource("4")]
transform = Transform3D(0.977728, 0, -0.209875, 0, 1, 0, 0.209875, 0, 0.977728, 23.708, 0.0162494, -113.887)

[node name="Node3D98" parent="." instance=ExtResource("4")]
transform = Transform3D(0.821926, 0, -0.569595, 0, 1, 0, 0.569595, 0, 0.821926, 26.3867, 0.016257, -59.8153)

[node name="Node3D99" parent="." instance=ExtResource("4")]
transform = Transform3D(0.821926, 0, -0.569595, 0, 1, 0, 0.569595, 0, 0.821926, 31.7545, 0.0162494, -96.1869)

[node name="Node3D100" parent="." instance=ExtResource("4")]
transform = Transform3D(0.999978, 0, -0.00673681, 0, 1, 0, 0.00673681, 0, 0.999978, 3.35071, 0.0162494, -112.923)

[node name="Node3D101" parent="." instance=ExtResource("4")]
transform = Transform3D(0.474721, -0.000639924, -0.880136, -0.00219674, 0.999996, -0.00191195, 0.880134, 0.00284108, 0.474717, 12.8782, -0.0666577, -41.9231)

[node name="Node3D104" parent="." instance=ExtResource("4")]
transform = Transform3D(0.523674, 0, 0.851919, 0, 1, 0, -0.851919, 0, 0.523674, 18.7998, 0.0162494, 0.701859)

[node name="Node3D105" parent="." instance=ExtResource("4")]
transform = Transform3D(0.523674, 0, 0.851919, 0, 1, 0, -0.851919, 0, 0.523674, 21.9906, 0.0162494, -14.465)

[node name="Node3D106" parent="." instance=ExtResource("4")]
transform = Transform3D(1, 0, 0, 0, 1, 0, 0, 0, 1, 42.335, 0.016257, -49.5647)

[node name="Node3D107" parent="." instance=ExtResource("4")]
transform = Transform3D(0.966966, 0, -0.254906, 0, 1, 0, 0.254906, 0, 0.966966, 16.4315, 0.0162494, -9.41472)

[node name="Node3D108" parent="." instance=ExtResource("4")]
transform = Transform3D(0.966966, 0, -0.254906, 0, 1, 0, 0.254906, 0, 0.966966, 31.8731, 0.0162494, -10.7467)

[node name="Node3D109" parent="." instance=ExtResource("4")]
transform = Transform3D(0.966966, 0, -0.254906, 0, 1, 0, 0.254906, 0, 0.966966, 28.8686, 0.0162494, -0.952576)

[node name="Node3D110" parent="." instance=ExtResource("4")]
transform = Transform3D(0.977728, 0, -0.209875, 0, 1, 0, 0.209875, 0, 0.977728, 46.5644, 0.016257, -39.8459)

[node name="Node3D111" parent="." instance=ExtResource("4")]
transform = Transform3D(0.821926, 0, -0.569595, 0, 1, 0, 0.569595, 0, 0.821926, 40.217, 0.016257, -21.4146)

[node name="Node3D112" parent="." instance=ExtResource("4")]
transform = Transform3D(0.821926, 0, -0.569595, 0, 1, 0, 0.569595, 0, 0.821926, 45.5848, 0.0162494, -57.7862)

[node name="Node3D113" parent="." instance=ExtResource("4")]
transform = Transform3D(0.474721, -0.000639924, -0.880136, -0.00219674, 0.999996, -0.00191195, 0.880134, 0.00284108, 0.474717, 26.7085, -0.0666577, -3.52231)

[node name="Node3D114" parent="." instance=ExtResource("4")]
transform = Transform3D(0.474721, -0.000639924, -0.880136, -0.00219674, 0.999996, -0.00191195, 0.880134, 0.00284108, 0.474717, 47.9706, 0.0321558, -33.516)

[node name="Node3D115" parent="." instance=ExtResource("4")]
transform = Transform3D(0.523674, 0, 0.851919, 0, 1, 0, -0.851919, 0, 0.523674, 20.684, 0.0162494, -35.3427)

[node name="Node3D116" parent="." instance=ExtResource("4")]
transform = Transform3D(0.523674, 0, 0.851919, 0, 1, 0, -0.851919, 0, 0.523674, 23.8748, 0.0162494, -50.5095)

[node name="Node3D117" parent="." instance=ExtResource("4")]
transform = Transform3D(0.966966, 0, -0.254906, 0, 1, 0, 0.254906, 0, 0.966966, 18.3157, 0.0162494, -45.4592)

[node name="Node3D118" parent="." instance=ExtResource("4")]
transform = Transform3D(0.966966, 0, -0.254906, 0, 1, 0, 0.254906, 0, 0.966966, 33.7573, 0.0162494, -46.7912)

[node name="Node3D119" parent="." instance=ExtResource("4")]
transform = Transform3D(0.966966, 0, -0.254906, 0, 1, 0, 0.254906, 0, 0.966966, 15.3112, 0.0162494, -35.6651)

[node name="Node3D120" parent="." instance=ExtResource("4")]
transform = Transform3D(0.966966, 0, -0.254906, 0, 1, 0, 0.254906, 0, 0.966966, 30.7528, 0.0162494, -36.9971)

[node name="Node3D121" parent="." instance=ExtResource("4")]
transform = Transform3D(0.821926, 0, -0.569595, 0, 1, 0, 0.569595, 0, 0.821926, 42.1012, 0.016257, -57.4591)

[node name="Node3D122" parent="." instance=ExtResource("4")]
transform = Transform3D(0.474721, -0.000639924, -0.880136, -0.00219674, 0.999996, -0.00191195, 0.880134, 0.00284108, 0.474717, 28.5927, -0.0666577, -39.5668)

[node name="Node3D102" parent="." instance=ExtResource("4")]
transform = Transform3D(0.474721, -0.000639924, -0.880136, -0.00219674, 0.999996, -0.00191195, 0.880134, 0.00284108, 0.474717, 34.1403, 0.0321558, -71.9167)

[node name="Node3D103" parent="." instance=ExtResource("4")]
transform = Transform3D(0.888434, -0.000639924, -0.459003, -0.000735524, 0.999996, -0.00281784, 0.459003, 0.00284108, 0.88843, 16.3998, 0.0997499, -99.7043)

[node name="Node3D51" parent="." instance=ExtResource("4")]
transform = Transform3D(0.566706, -0.000639924, 0.82392, 0.00270347, 0.999996, -0.0010828, -0.823916, 0.00284108, 0.566705, -35.6678, 0.1553, -94.5159)

[node name="Node3D52" parent="." instance=ExtResource("4")]
transform = Transform3D(-0.823364, 0.295098, 0.484756, -0.118489, 0.745961, -0.655365, -0.555006, -0.597042, -0.579231, -97.6329, 0.0272758, -63.4113)

[node name="Node3D53" parent="." instance=ExtResource("4")]
transform = Transform3D(0.839726, -0.000639924, -0.54301, -0.00100536, 0.999996, -0.00273321, 0.54301, 0.00284108, 0.839721, 22.2322, 0.23295, -108.805)

[node name="Node3D54" parent="." instance=ExtResource("4")]
transform = Transform3D(0.977474, -0.000639924, 0.211055, 0.00122514, 0.999996, -0.00264202, -0.211052, 0.00284108, 0.977471, -21.2922, 0.287645, -137.86)

[node name="Node3D55" parent="." instance=ExtResource("4")]
transform = Transform3D(0.416198, -0.000639924, 0.909274, 0.00284965, 0.999996, -0.000600576, -0.909269, 0.00284108, 0.416198, -88.8265, 0.0811106, -80.3818)

[node name="Node3D56" parent="." instance=ExtResource("4")]
transform = Transform3D(-0.393666, -0.000639924, -0.919253, -0.00286359, 0.999996, 0.000530174, 0.919249, 0.00284108, -0.393666, 79.5752, 0.0850379, -43.8218)

[node name="Node3D57" parent="." instance=ExtResource("4")]
transform = Transform3D(-0.531351, -0.000639924, -0.847151, -0.00274685, 0.999996, 0.000967489, 0.847147, 0.00284108, -0.531351, 65.4084, -0.112676, 22.578)

[node name="Node3D58" parent="." instance=ExtResource("4")]
transform = Transform3D(0.928953, -0.000639924, -0.370198, -0.000457291, 0.999996, -0.00287613, 0.370198, 0.00284108, 0.928949, 27.876, 0.434656, -153.75)

[node name="Node3D" parent="." instance=ExtResource("5")]
transform = Transform3D(1, 0, 0, 0, 1, 0, 0, 0, 1, -48.1371, 0.529594, -8.19333)

[node name="fencircular" parent="." instance=ExtResource("6")]
transform = Transform3D(4.15097, 0, 0, 0, 3.49015, 0, 0, 0, 4.15097, -8.26722, 2.39774, -48.6839)
metadata/_edit_lock_ = true

[node name="World2" type="AudioStreamPlayer" parent="."]
stream = ExtResource("7")
volume_db = -16.0
autoplay = true
bus = &"Music"

[node name="pyramid" parent="." instance=ExtResource("8")]
transform = Transform3D(13, 0, 0, 0, 13, 0, 0, 0, 13, -73.7328, 1.93705, -328.777)

[node name="Sprite3D" type="Sprite3D" parent="."]
transform = Transform3D(-4.56502, 0, -12.1721, 0, 13, 0, 12.1721, 0, -4.56502, -134.117, 14.7473, -142.844)
modulate = Color(0.432624, 0.432624, 0.432624, 1)
billboard = 2
texture = ExtResource("9")

[node name="Sprite3D2" type="Sprite3D" parent="."]
transform = Transform3D(-4.56502, 0, -12.1721, 0, 13, 0, 12.1721, 0, -4.56502, -165.638, 14.7473, -9.74562)
modulate = Color(0.432624, 0.432624, 0.432624, 1)
billboard = 2
texture = ExtResource("9")

[node name="Sprite3D3" type="Sprite3D" parent="."]
transform = Transform3D(-4.56502, 0, -12.1721, 0, 13, 0, 12.1721, 0, -4.56502, -62.6081, 14.7473, 85.8451)
modulate = Color(0.432624, 0.432624, 0.432624, 1)
billboard = 2
texture = ExtResource("9")

[node name="Sprite3D4" type="Sprite3D" parent="."]
transform = Transform3D(-4.56502, 0, -12.1721, 0, 13, 0, 12.1721, 0, -4.56502, 56.3733, 15.0475, 79.2147)
modulate = Color(0.432624, 0.432624, 0.432624, 1)
billboard = 2
texture = ExtResource("9")

[node name="Sprite3D5" type="Sprite3D" parent="."]
transform = Transform3D(-4.56502, 0, -12.1721, 0, 13, 0, 12.1721, 0, -4.56502, 103.803, 15.0475, 66.1178)
modulate = Color(0.432624, 0.432624, 0.432624, 1)
billboard = 2
texture = ExtResource("9")

[node name="Sprite3D6" type="Sprite3D" parent="."]
transform = Transform3D(-4.56502, 0, -12.1721, 0, 13, 0, 12.1721, 0, -4.56502, 136.915, 15.0475, -149.507)
modulate = Color(0.432624, 0.432624, 0.432624, 1)
billboard = 2
texture = ExtResource("9")

[node name="pyramid3" parent="." instance=ExtResource("8")]
transform = Transform3D(-4.56502, 0, -12.1721, 0, 13, 0, 12.1721, 0, -4.56502, -255.433, 22.643, -131.533)

[node name="pyramid2" parent="." instance=ExtResource("8")]
transform = Transform3D(4.48275, 0, -3.9881, 0, 6, 0, 3.9881, 0, 4.48275, 47.1684, 1.93705, -253.526)
